save_path=F:/m2
list_map_type=1#2#3
st_zoom=1
ed_zoom=15
st_lon=118.417774
ed_lon=119.243122
st_lat=32.391383
ed_lat=31.565489
mapsa_num=182